0.9550359E-03   0.5125030E-03   0.3882816E-03   0.2976093E-03   0.2053459E-03   0.1619667E-03   0.9208872E-04   0.2211532E-05  -0.2017123E-04  -0.8044432E-04  -0.1124989E-03  -0.1762362E-03  -0.2139085E-03  -0.2376345E-03  -0.2582836E-03  -0.2736877E-03  -0.2908959E-03  -0.3147409E-03  -0.3094418E-03
0.5125030E-03   0.6891676E-03   0.3771661E-03   0.2653598E-03   0.1983967E-03   0.1492197E-03   0.8916230E-04   0.1053607E-04  -0.1131067E-04  -0.5081517E-04  -0.9286951E-04  -0.1502045E-03  -0.1744110E-03  -0.2031732E-03  -0.2273827E-03  -0.2498786E-03  -0.2744597E-03  -0.2839519E-03  -0.2801402E-03
0.3882816E-03   0.3771661E-03   0.6079671E-03   0.2795301E-03   0.2233594E-03   0.1556059E-03   0.9822601E-04   0.3120599E-04  -0.1271204E-04  -0.3825524E-04  -0.7734399E-04  -0.1395330E-03  -0.1698237E-03  -0.1884177E-03  -0.2211085E-03  -0.2290383E-03  -0.2482490E-03  -0.2759566E-03  -0.2756127E-03
0.2976093E-03   0.2653598E-03   0.2795301E-03   0.5447385E-03   0.1985155E-03   0.1557144E-03   0.1013186E-03   0.2945970E-04   0.4081281E-05  -0.2624529E-04  -0.6561211E-04  -0.1125774E-03  -0.1475191E-03  -0.1695868E-03  -0.1929594E-03  -0.2084680E-03  -0.2289070E-03  -0.2461534E-03  -0.2352352E-03
0.2053459E-03   0.1983967E-03   0.2233594E-03   0.1985155E-03   0.4322238E-03   0.1559814E-03   0.9480400E-04   0.5006277E-04   0.1053464E-04  -0.3778479E-05  -0.5666449E-04  -0.8893732E-04  -0.1170057E-03  -0.1374907E-03  -0.1619739E-03  -0.1771432E-03  -0.1929717E-03  -0.2066815E-03  -0.2056617E-03
0.1619667E-03   0.1492197E-03   0.1556059E-03   0.1557144E-03   0.1559814E-03   0.3818845E-03   0.1032236E-03   0.6560067E-04   0.2994474E-04  -0.2058174E-06  -0.2687035E-04  -0.7421171E-04  -0.1002782E-03  -0.1142348E-03  -0.1377542E-03  -0.1538900E-03  -0.1723426E-03  -0.1852009E-03  -0.1900289E-03
0.9208872E-04   0.8916230E-04   0.9822601E-04   0.1013186E-03   0.9480400E-04   0.1032236E-03   0.3182587E-03   0.6342648E-04   0.4213296E-04   0.9764737E-05  -0.9730587E-05  -0.3115128E-04  -0.6351733E-04  -0.7514801E-04  -0.9922591E-04  -0.1129272E-03  -0.1409741E-03  -0.1559725E-03  -0.1587751E-03
0.2211532E-05   0.1053607E-04   0.3120599E-04   0.2945970E-04   0.5006277E-04   0.6560067E-04   0.6342648E-04   0.3254431E-03   0.5278112E-04   0.2208406E-04   0.1416687E-04  -0.1207105E-04  -0.2452794E-04  -0.5193208E-04  -0.5222569E-04  -0.8580175E-04  -0.9636674E-04  -0.1064359E-03  -0.1105717E-03
-0.2017123E-04  -0.1131067E-04  -0.1271204E-04   0.4081281E-05   0.1053464E-04   0.2994474E-04   0.4213296E-04   0.5278112E-04   0.3330518E-03   0.3865634E-04   0.9460318E-05  -0.1798393E-05  -0.2290686E-04  -0.4608125E-04  -0.4385435E-04  -0.5445707E-04  -0.7753748E-04  -0.7105066E-04  -0.7692190E-04
-0.8044432E-04  -0.5081517E-04  -0.3825524E-04  -0.2624529E-04  -0.3778479E-05  -0.2058174E-06   0.9764737E-05   0.2208406E-04   0.3865634E-04   0.2705547E-03   0.3862182E-04   0.1758199E-04  -0.3597664E-05  -0.2342784E-05  -0.7796199E-05  -0.1945246E-04  -0.3175325E-04  -0.3732626E-04  -0.4264516E-04
-0.1124989E-03  -0.9286951E-04  -0.7734399E-04  -0.6561211E-04  -0.5666449E-04  -0.2687035E-04  -0.9730587E-05   0.1416687E-04   0.9460318E-05   0.3862182E-04   0.2882075E-03   0.5339979E-04   0.1889638E-04   0.2280609E-04   0.4878113E-05   0.2722012E-05   0.1391389E-04   0.4012162E-06  -0.1094080E-04
-0.1762362E-03  -0.1502045E-03  -0.1395330E-03  -0.1125774E-03  -0.8893732E-04  -0.7421171E-04  -0.3115128E-04  -0.1207105E-04  -0.1798393E-05   0.1758199E-04   0.5339979E-04   0.3096291E-03   0.5884879E-04   0.5125501E-04   0.5039996E-04   0.4481512E-04   0.5027410E-04   0.4491320E-04   0.5603884E-04
-0.2139085E-03  -0.1744110E-03  -0.1698237E-03  -0.1475191E-03  -0.1170057E-03  -0.1002782E-03  -0.6351733E-04  -0.2452794E-04  -0.2290686E-04  -0.3597664E-05   0.1889638E-04   0.5884879E-04   0.3142389E-03   0.9961802E-04   0.8178346E-04   0.8901516E-04   0.8941816E-04   0.1044138E-03   0.8842012E-04
-0.2376345E-03  -0.2031732E-03  -0.1884177E-03  -0.1695868E-03  -0.1374907E-03  -0.1142348E-03  -0.7514801E-04  -0.5193208E-04  -0.4608125E-04  -0.2342784E-05   0.2280609E-04   0.5125501E-04   0.9961802E-04   0.3481352E-03   0.1246885E-03   0.1148095E-03   0.1181105E-03   0.1136004E-03   0.1132855E-03
-0.2582836E-03  -0.2273827E-03  -0.2211085E-03  -0.1929594E-03  -0.1619739E-03  -0.1377542E-03  -0.9922591E-04  -0.5222569E-04  -0.4385435E-04  -0.7796199E-05   0.4878113E-05   0.5039996E-04   0.8178346E-04   0.1246885E-03   0.3919199E-03   0.1479457E-03   0.1405326E-03   0.1579362E-03   0.1493271E-03
-0.2736877E-03  -0.2498786E-03  -0.2290383E-03  -0.2084680E-03  -0.1771432E-03  -0.1538900E-03  -0.1129272E-03  -0.8580175E-04  -0.5445707E-04  -0.1945246E-04   0.2722012E-05   0.4481512E-04   0.8901516E-04   0.1148095E-03   0.1479457E-03   0.3908935E-03   0.1854623E-03   0.1877205E-03   0.1917072E-03
-0.2908959E-03  -0.2744597E-03  -0.2482490E-03  -0.2289070E-03  -0.1929717E-03  -0.1723426E-03  -0.1409741E-03  -0.9636674E-04  -0.7753748E-04  -0.3175325E-04   0.1391389E-04   0.5027410E-04   0.8941816E-04   0.1181105E-03   0.1405326E-03   0.1854623E-03   0.4510944E-03   0.2381432E-03   0.2232360E-03
-0.3147409E-03  -0.2839519E-03  -0.2759566E-03  -0.2461534E-03  -0.2066815E-03  -0.1852009E-03  -0.1559725E-03  -0.1064359E-03  -0.7105066E-04  -0.3732626E-04   0.4012162E-06   0.4491320E-04   0.1044138E-03   0.1136004E-03   0.1579362E-03   0.1877205E-03   0.2381432E-03   0.4929627E-03   0.2677123E-03
-0.3094418E-03  -0.2801402E-03  -0.2756127E-03  -0.2352352E-03  -0.2056617E-03  -0.1900289E-03  -0.1587751E-03  -0.1105717E-03  -0.7692190E-04  -0.4264516E-04  -0.1094080E-04   0.5603884E-04   0.8842012E-04   0.1132855E-03   0.1493271E-03   0.1917072E-03   0.2232360E-03   0.2677123E-03   0.5049913E-03
