0.9568414E-03   0.5247411E-03   0.4030769E-03   0.3203805E-03   0.2206893E-03   0.1727916E-03   0.1201342E-03   0.4186933E-04  -0.1323423E-04  -0.5304984E-04  -0.1040640E-03  -0.1416423E-03  -0.2038483E-03  -0.2199089E-03  -0.2391079E-03  -0.2614680E-03  -0.2818985E-03  -0.2879210E-03  -0.3207521E-03  -0.3080541E-03
0.5247411E-03   0.7528052E-03   0.3861438E-03   0.2958409E-03   0.2039437E-03   0.1664964E-03   0.1092125E-03   0.3471289E-04  -0.5639547E-05  -0.2637982E-04  -0.8033143E-04  -0.1249979E-03  -0.1740331E-03  -0.1867909E-03  -0.2193529E-03  -0.2389653E-03  -0.2632695E-03  -0.2801013E-03  -0.2944711E-03  -0.2852830E-03
0.4030769E-03   0.3861438E-03   0.6092056E-03   0.2957501E-03   0.2258194E-03   0.1644085E-03   0.1154901E-03   0.5427332E-04   0.3038362E-05  -0.1447237E-04  -0.7654138E-04  -0.1095584E-03  -0.1551631E-03  -0.1798539E-03  -0.1890267E-03  -0.2202837E-03  -0.2322254E-03  -0.2440624E-03  -0.2790874E-03  -0.2710289E-03
0.3203805E-03   0.2958409E-03   0.2957501E-03   0.5718569E-03   0.2194405E-03   0.1669431E-03   0.1201354E-03   0.6747748E-04   0.1017815E-04  -0.1487878E-04  -0.6171517E-04  -0.9373306E-04  -0.1399861E-03  -0.1606048E-03  -0.1779325E-03  -0.2003756E-03  -0.2264541E-03  -0.2366665E-03  -0.2622137E-03  -0.2425883E-03
0.2206893E-03   0.2039437E-03   0.2258194E-03   0.2194405E-03   0.4471303E-03   0.1665323E-03   0.1197029E-03   0.7138277E-04   0.2050170E-04   0.2015930E-04  -0.4703675E-04  -0.6592397E-04  -0.1080842E-03  -0.1334963E-03  -0.1526217E-03  -0.1685978E-03  -0.1977026E-03  -0.1942581E-03  -0.2185641E-03  -0.2079552E-03
0.1727916E-03   0.1664964E-03   0.1644085E-03   0.1669431E-03   0.1665323E-03   0.4347449E-03   0.1184900E-03   0.7012187E-04   0.4456555E-04   0.4011979E-05  -0.1577419E-04  -0.6523260E-04  -0.9805091E-04  -0.1126769E-03  -0.1209829E-03  -0.1393605E-03  -0.1714359E-03  -0.1749214E-03  -0.1957840E-03  -0.2018760E-03
0.1201342E-03   0.1092125E-03   0.1154901E-03   0.1201354E-03   0.1197029E-03   0.1184900E-03   0.3480856E-03   0.7978213E-04   0.4493067E-04   0.3046171E-04  -0.1797829E-04  -0.3081764E-04  -0.6365250E-04  -0.8683359E-04  -0.8810187E-04  -0.1193948E-03  -0.1338640E-03  -0.1528266E-03  -0.1692634E-03  -0.1726122E-03
0.4186933E-04   0.3471289E-04   0.5427332E-04   0.6747748E-04   0.7138277E-04   0.7012187E-04   0.7978213E-04   0.3544229E-03   0.6920255E-04   0.2592252E-04   0.9711065E-05  -0.2502438E-05  -0.2861203E-04  -0.5449846E-04  -0.6864024E-04  -0.8330937E-04  -0.1116607E-03  -0.1189426E-03  -0.1286560E-03  -0.1288184E-03
-0.1323423E-04  -0.5639547E-05   0.3038362E-05   0.1017815E-04   0.2050170E-04   0.4456555E-04   0.4493067E-04   0.6920255E-04   0.3108289E-03   0.3951701E-04   0.1640111E-04   0.6297676E-05  -0.5585135E-05  -0.3409760E-04  -0.3875131E-04  -0.4144216E-04  -0.7795462E-04  -0.8506618E-04  -0.8274578E-04  -0.8374098E-04
-0.5304984E-04  -0.2637982E-04  -0.1447237E-04  -0.1487878E-04   0.2015930E-04   0.4011979E-05   0.3046171E-04   0.2592252E-04   0.3951701E-04   0.2800650E-03   0.3667242E-04   0.1096611E-04   0.2421525E-05  -0.1604457E-04  -0.2693270E-04  -0.2291890E-04  -0.4158325E-04  -0.5013232E-04  -0.5484715E-04  -0.5780122E-04
-0.1040640E-03  -0.8033143E-04  -0.7654138E-04  -0.6171517E-04  -0.4703675E-04  -0.1577419E-04  -0.1797829E-04   0.9711065E-05   0.1640111E-04   0.3667242E-04   0.3231682E-03   0.4607560E-04   0.2636923E-04   0.1639628E-04   0.6413201E-05   0.1132361E-04  -0.1267183E-04  -0.8408651E-05  -0.1601475E-04  -0.2636384E-04
-0.1416423E-03  -0.1249979E-03  -0.1095584E-03  -0.9373306E-04  -0.6592397E-04  -0.6523260E-04  -0.3081764E-04  -0.2502438E-05   0.6297676E-05   0.1096611E-04   0.4607560E-04   0.3007819E-03   0.5634767E-04   0.3331698E-04   0.2744253E-04   0.2989183E-04   0.2274783E-04   0.2992372E-04   0.2611643E-04   0.2762399E-04
-0.2038483E-03  -0.1740331E-03  -0.1551631E-03  -0.1399861E-03  -0.1080842E-03  -0.9805091E-04  -0.6365250E-04  -0.2861203E-04  -0.5585135E-05   0.2421525E-05   0.2636923E-04   0.5634767E-04   0.3490249E-03   0.7355377E-04   0.6917991E-04   0.6885183E-04   0.7027089E-04   0.5572592E-04   0.6933209E-04   0.6553239E-04
-0.2199089E-03  -0.1867909E-03  -0.1798539E-03  -0.1606048E-03  -0.1334963E-03  -0.1126769E-03  -0.8683359E-04  -0.5449846E-04  -0.3409760E-04  -0.1604457E-04   0.1639628E-04   0.3331698E-04   0.7355377E-04   0.3302966E-03   0.1064510E-03   0.9233387E-04   0.1026271E-03   0.1062620E-03   0.1153739E-03   0.9981670E-04
-0.2391079E-03  -0.2193529E-03  -0.1890267E-03  -0.1779325E-03  -0.1526217E-03  -0.1209829E-03  -0.8810187E-04  -0.6864024E-04  -0.3875131E-04  -0.2693270E-04   0.6413201E-05   0.2744253E-04   0.6917991E-04   0.1064510E-03   0.3984832E-03   0.1189676E-03   0.1268780E-03   0.1139291E-03   0.1149960E-03   0.1174538E-03
-0.2614680E-03  -0.2389653E-03  -0.2202837E-03  -0.2003756E-03  -0.1685978E-03  -0.1393605E-03  -0.1193948E-03  -0.8330937E-04  -0.4144216E-04  -0.2291890E-04   0.1132361E-04   0.2989183E-04   0.6885183E-04   0.9233387E-04   0.1189676E-03   0.3649849E-03   0.1615198E-03   0.1494779E-03   0.1647708E-03   0.1621996E-03
-0.2818985E-03  -0.2632695E-03  -0.2322254E-03  -0.2264541E-03  -0.1977026E-03  -0.1714359E-03  -0.1338640E-03  -0.1116607E-03  -0.7795462E-04  -0.4158325E-04  -0.1267183E-04   0.2274783E-04   0.7027089E-04   0.1026271E-03   0.1268780E-03   0.1615198E-03   0.4436672E-03   0.1952539E-03   0.2018632E-03   0.2054375E-03
-0.2879210E-03  -0.2801013E-03  -0.2440624E-03  -0.2366665E-03  -0.1942581E-03  -0.1749214E-03  -0.1528266E-03  -0.1189426E-03  -0.8506618E-04  -0.5013232E-04  -0.8408651E-05   0.2992372E-04   0.5572592E-04   0.1062620E-03   0.1139291E-03   0.1494779E-03   0.1952539E-03   0.4604842E-03   0.2480882E-03   0.2230968E-03
-0.3207521E-03  -0.2944711E-03  -0.2790874E-03  -0.2622137E-03  -0.2185641E-03  -0.1957840E-03  -0.1692634E-03  -0.1286560E-03  -0.8274578E-04  -0.5484715E-04  -0.1601475E-04   0.2611643E-04   0.6933209E-04   0.1153739E-03   0.1149960E-03   0.1647708E-03   0.2018632E-03   0.2480882E-03   0.5295748E-03   0.2762860E-03
-0.3080541E-03  -0.2852830E-03  -0.2710289E-03  -0.2425883E-03  -0.2079552E-03  -0.2018760E-03  -0.1726122E-03  -0.1288184E-03  -0.8374098E-04  -0.5780122E-04  -0.2636384E-04   0.2762399E-04   0.6553239E-04   0.9981670E-04   0.1174538E-03   0.1621996E-03   0.2054375E-03   0.2230968E-03   0.2762860E-03   0.5061262E-03
