0.1047174E-02   0.5402254E-03   0.4258648E-03   0.3165150E-03   0.2337220E-03   0.1800025E-03   0.1414049E-03   0.6191789E-04  -0.1614036E-05  -0.3730872E-04  -0.9122454E-04  -0.1201526E-03  -0.1777834E-03  -0.2183859E-03  -0.2351063E-03  -0.2500606E-03  -0.2656045E-03  -0.2945564E-03  -0.2958632E-03  -0.3204636E-03  -0.3129752E-03
0.5402254E-03   0.7242628E-03   0.4029228E-03   0.3034396E-03   0.2243080E-03   0.1767999E-03   0.1288453E-03   0.6444159E-04   0.5673571E-05  -0.1821798E-04  -0.5329979E-04  -0.8691941E-04  -0.1406714E-03  -0.1784604E-03  -0.1969217E-03  -0.2240664E-03  -0.2395791E-03  -0.2747312E-03  -0.2780021E-03  -0.2959919E-03  -0.2858058E-03
0.4258648E-03   0.4029228E-03   0.6815957E-03   0.3011404E-03   0.2385264E-03   0.1799205E-03   0.1328587E-03   0.6964840E-04   0.2090135E-04  -0.1867665E-04  -0.5539889E-04  -0.8451090E-04  -0.1453087E-03  -0.1634727E-03  -0.1932661E-03  -0.2049973E-03  -0.2270393E-03  -0.2435651E-03  -0.2575022E-03  -0.2756345E-03  -0.2874677E-03
0.3165150E-03   0.3034396E-03   0.3011404E-03   0.5865397E-03   0.2289052E-03   0.1734498E-03   0.1353662E-03   0.8601134E-04   0.3006836E-04  -0.5203490E-05  -0.3495528E-04  -0.6856799E-04  -0.1132412E-03  -0.1494019E-03  -0.1714212E-03  -0.1813945E-03  -0.2054781E-03  -0.2383517E-03  -0.2443985E-03  -0.2538017E-03  -0.2448033E-03
0.2337220E-03   0.2243080E-03   0.2385264E-03   0.2289052E-03   0.4519551E-03   0.1771883E-03   0.1272589E-03   0.8299670E-04   0.3964594E-04   0.4930445E-05  -0.1058632E-04  -0.5673069E-04  -0.8519915E-04  -0.1110266E-03  -0.1489979E-03  -0.1645704E-03  -0.1736566E-03  -0.2016277E-03  -0.2077614E-03  -0.2142636E-03  -0.2152183E-03
0.1800025E-03   0.1767999E-03   0.1799205E-03   0.1734498E-03   0.1771883E-03   0.4439404E-03   0.1369413E-03   0.8241639E-04   0.6198532E-04   0.1125555E-04  -0.8441342E-05  -0.3756729E-04  -0.8930035E-04  -0.1072735E-03  -0.1217639E-03  -0.1287304E-03  -0.1443718E-03  -0.1789493E-03  -0.1833414E-03  -0.2000877E-03  -0.2050261E-03
0.1414049E-03   0.1288453E-03   0.1328587E-03   0.1353662E-03   0.1272589E-03   0.1369413E-03   0.4126151E-03   0.8796645E-04   0.4969721E-04   0.3125585E-04   0.2922110E-05  -0.2464088E-04  -0.5322579E-04  -0.8534317E-04  -0.1065841E-03  -0.1089054E-03  -0.1271764E-03  -0.1643639E-03  -0.1695086E-03  -0.1751680E-03  -0.1871344E-03
0.6191789E-04   0.6444159E-04   0.6964840E-04   0.8601134E-04   0.8299670E-04   0.8241639E-04   0.8796645E-04   0.3520141E-03   0.7188532E-04   0.3519026E-04   0.6754850E-05  -0.2875970E-05  -0.2284869E-04  -0.5187415E-04  -0.7112848E-04  -0.6756907E-04  -0.9642575E-04  -0.1182365E-03  -0.1351147E-03  -0.1380416E-03  -0.1405046E-03
-0.1614036E-05   0.5673571E-05   0.2090135E-04   0.3006836E-04   0.3964594E-04   0.6198532E-04   0.4969721E-04   0.7188532E-04   0.3317360E-03   0.4951187E-04   0.2167942E-04   0.1152333E-04  -0.8713552E-05  -0.1100571E-04  -0.5418736E-04  -0.3844186E-04  -0.7013018E-04  -0.8646858E-04  -0.9412692E-04  -0.1059021E-03  -0.1041622E-03
-0.3730872E-04  -0.1821798E-04  -0.1867665E-04  -0.5203490E-05   0.4930445E-05   0.1125555E-04   0.3125585E-04   0.3519026E-04   0.4951187E-04   0.3245415E-03   0.4707235E-04   0.1859702E-04   0.8854139E-06  -0.1110827E-04  -0.3019734E-04  -0.3703518E-04  -0.3096003E-04  -0.5885596E-04  -0.6761186E-04  -0.7042568E-04  -0.6696652E-04
-0.9122454E-04  -0.5329979E-04  -0.5539889E-04  -0.3495528E-04  -0.1058632E-04  -0.8441342E-05   0.2922110E-05   0.6754850E-05   0.2167942E-04   0.4707235E-04   0.3094336E-03   0.4457980E-04   0.1785033E-04   0.2932029E-05  -0.1096601E-05  -0.8928309E-05  -0.6756784E-05  -0.2123561E-04  -0.3254879E-04  -0.3944841E-04  -0.3779867E-04
-0.1201526E-03  -0.8691941E-04  -0.8451090E-04  -0.6856799E-04  -0.5673069E-04  -0.3756729E-04  -0.2464088E-04  -0.2875970E-05   0.1152333E-04   0.1859702E-04   0.4457980E-04   0.2900126E-03   0.5950124E-04   0.1969715E-04   0.2552132E-04   0.1338049E-04   0.8841978E-05   0.6872603E-05   0.6711963E-05  -0.1277395E-05  -0.9409406E-05
-0.1777834E-03  -0.1406714E-03  -0.1453087E-03  -0.1132412E-03  -0.8519915E-04  -0.8930035E-04  -0.5322579E-04  -0.2284869E-04  -0.8713552E-05   0.8854139E-06   0.1785033E-04   0.5950124E-04   0.3520233E-03   0.5953913E-04   0.4877175E-04   0.4780888E-04   0.4134431E-04   0.3881464E-04   0.4202073E-04   0.4007538E-04   0.4720483E-04
-0.2183859E-03  -0.1784604E-03  -0.1634727E-03  -0.1494019E-03  -0.1110266E-03  -0.1072735E-03  -0.8534317E-04  -0.5187415E-04  -0.1100571E-04  -0.1110827E-04   0.2932029E-05   0.1969715E-04   0.5953913E-04   0.3456668E-03   0.9393889E-04   0.8664109E-04   0.6483751E-04   0.8503804E-04   0.7638619E-04   0.8879966E-04   0.7972521E-04
-0.2351063E-03  -0.1969217E-03  -0.1932661E-03  -0.1714212E-03  -0.1489979E-03  -0.1217639E-03  -0.1065841E-03  -0.7112848E-04  -0.5418736E-04  -0.3019734E-04  -0.1096601E-05   0.2552132E-04   0.4877175E-04   0.9393889E-04   0.3748466E-03   0.1196840E-03   0.9239814E-04   0.1203006E-03   0.1155368E-03   0.1177591E-03   0.1010544E-03
-0.2500606E-03  -0.2240664E-03  -0.2049973E-03  -0.1813945E-03  -0.1645704E-03  -0.1287304E-03  -0.1089054E-03  -0.6756907E-04  -0.3844186E-04  -0.3703518E-04  -0.8928309E-05   0.1338049E-04   0.4780888E-04   0.8664109E-04   0.1196840E-03   0.3573309E-03   0.1271075E-03   0.1412599E-03   0.1270527E-03   0.1294198E-03   0.1335520E-03
-0.2656045E-03  -0.2395791E-03  -0.2270393E-03  -0.2054781E-03  -0.1736566E-03  -0.1443718E-03  -0.1271764E-03  -0.9642575E-04  -0.7013018E-04  -0.3096003E-04  -0.6756784E-05   0.8841978E-05   0.4134431E-04   0.6483751E-04   0.9239814E-04   0.1271075E-03   0.4143022E-03   0.1656791E-03   0.1528633E-03   0.1672119E-03   0.1666654E-03
-0.2945564E-03  -0.2747312E-03  -0.2435651E-03  -0.2383517E-03  -0.2016277E-03  -0.1789493E-03  -0.1643639E-03  -0.1182365E-03  -0.8646858E-04  -0.5885596E-04  -0.2123561E-04   0.6872603E-05   0.3881464E-04   0.8503804E-04   0.1203006E-03   0.1412599E-03   0.1656791E-03   0.4584575E-03   0.2198526E-03   0.2098367E-03   0.2071551E-03
-0.2958632E-03  -0.2780021E-03  -0.2575022E-03  -0.2443985E-03  -0.2077614E-03  -0.1833414E-03  -0.1695086E-03  -0.1351147E-03  -0.9412692E-04  -0.6761186E-04  -0.3254879E-04   0.6711963E-05   0.4202073E-04   0.7638619E-04   0.1155368E-03   0.1270527E-03   0.1528633E-03   0.2198526E-03   0.4736474E-03   0.2544775E-03   0.2323294E-03
-0.3204636E-03  -0.2959919E-03  -0.2756345E-03  -0.2538017E-03  -0.2142636E-03  -0.2000877E-03  -0.1751680E-03  -0.1380416E-03  -0.1059021E-03  -0.7042568E-04  -0.3944841E-04  -0.1277395E-05   0.4007538E-04   0.8879966E-04   0.1177591E-03   0.1294198E-03   0.1672119E-03   0.2098367E-03   0.2544775E-03   0.5292555E-03   0.2803951E-03
-0.3129752E-03  -0.2858058E-03  -0.2874677E-03  -0.2448033E-03  -0.2152183E-03  -0.2050261E-03  -0.1871344E-03  -0.1405046E-03  -0.1041622E-03  -0.6696652E-04  -0.3779867E-04  -0.9409406E-05   0.4720483E-04   0.7972521E-04   0.1010544E-03   0.1335520E-03   0.1666654E-03   0.2071551E-03   0.2323294E-03   0.2803951E-03   0.5432575E-03
