0.1051494E-02   0.5511846E-03   0.4479782E-03   0.3397578E-03   0.2727442E-03   0.1990403E-03   0.1700835E-03   0.1153372E-03   0.4255585E-04  -0.1439109E-04  -0.4418398E-04  -0.8843751E-04  -0.1115199E-03  -0.1677778E-03  -0.2105072E-03  -0.2276488E-03  -0.2399676E-03  -0.2686912E-03  -0.2650656E-03  -0.2925038E-03  -0.3097013E-03  -0.3134552E-03  -0.3076121E-03
0.5511846E-03   0.7953381E-03   0.4162052E-03   0.3241628E-03   0.2489273E-03   0.1967899E-03   0.1546971E-03   0.1095709E-03   0.3810452E-04   0.1649013E-05  -0.2812249E-04  -0.5471071E-04  -0.8040853E-04  -0.1362307E-03  -0.1749112E-03  -0.1905991E-03  -0.2215548E-03  -0.2334470E-03  -0.2573267E-03  -0.2715627E-03  -0.2941959E-03  -0.2930181E-03  -0.2892857E-03
0.4479782E-03   0.4162052E-03   0.7004980E-03   0.3210817E-03   0.2518659E-03   0.2101264E-03   0.1571945E-03   0.1087230E-03   0.5447017E-04   0.6095214E-05  -0.2320956E-04  -0.5568544E-04  -0.8217999E-04  -0.1373068E-03  -0.1523976E-03  -0.1950073E-03  -0.1951794E-03  -0.2338629E-03  -0.2257716E-03  -0.2495903E-03  -0.2719598E-03  -0.2737159E-03  -0.2823444E-03
0.3397578E-03   0.3241628E-03   0.3210817E-03   0.6112957E-03   0.2596533E-03   0.2090104E-03   0.1656274E-03   0.1129003E-03   0.6821335E-04   0.1646899E-04  -0.1026138E-04  -0.3162591E-04  -0.6827460E-04  -0.1028718E-03  -0.1449818E-03  -0.1726525E-03  -0.1831941E-03  -0.2059755E-03  -0.2187281E-03  -0.2512857E-03  -0.2553045E-03  -0.2557913E-03  -0.2541025E-03
0.2727442E-03   0.2489273E-03   0.2518659E-03   0.2596533E-03   0.5910163E-03   0.1990936E-03   0.1586552E-03   0.1045706E-03   0.6259398E-04   0.1228343E-04  -0.9495388E-05  -0.3144506E-04  -0.5906293E-04  -0.9763065E-04  -0.1310081E-03  -0.1564651E-03  -0.1605173E-03  -0.1876663E-03  -0.1882388E-03  -0.2145886E-03  -0.2288598E-03  -0.2305179E-03  -0.2328327E-03
0.1990403E-03   0.1967899E-03   0.2101264E-03   0.2090104E-03   0.1990936E-03   0.4679576E-03   0.1608845E-03   0.1101686E-03   0.7106548E-04   0.3202276E-04   0.4841413E-05  -0.1278106E-05  -0.5093775E-04  -0.8030037E-04  -0.1057822E-03  -0.1311744E-03  -0.1402942E-03  -0.1573402E-03  -0.1714221E-03  -0.1888670E-03  -0.2039371E-03  -0.1984535E-03  -0.2049648E-03
0.1700835E-03   0.1546971E-03   0.1571945E-03   0.1656274E-03   0.1586552E-03   0.1608845E-03   0.4247082E-03   0.1212138E-03   0.7695205E-04   0.5273856E-04   0.1610376E-04  -0.7115703E-05  -0.1977321E-04  -0.7414091E-04  -0.8591101E-04  -0.1111759E-03  -0.1200532E-03  -0.1434878E-03  -0.1550402E-03  -0.1656525E-03  -0.1828515E-03  -0.1907087E-03  -0.1926114E-03
0.1153372E-03   0.1095709E-03   0.1087230E-03   0.1129003E-03   0.1045706E-03   0.1101686E-03   0.1212138E-03   0.3833453E-03   0.7849292E-04   0.4364287E-04   0.3866566E-04   0.7776139E-05  -0.1898005E-04  -0.3353899E-04  -0.6703539E-04  -0.8601447E-04  -0.7984973E-04  -0.1180756E-03  -0.1130518E-03  -0.1478039E-03  -0.1619814E-03  -0.1658257E-03  -0.1728546E-03
0.4255585E-04   0.3810452E-04   0.5447017E-04   0.6821335E-04   0.6259398E-04   0.7106548E-04   0.7695205E-04   0.7849292E-04   0.3573069E-03   0.7892761E-04   0.2540919E-04   0.2108654E-04   0.1070876E-04  -0.8619926E-05  -0.2764468E-04  -0.5839955E-04  -0.6528782E-04  -0.7273147E-04  -0.1043389E-03  -0.1085485E-03  -0.1315803E-03  -0.1195668E-03  -0.1333763E-03
-0.1439109E-04   0.1649013E-05   0.6095214E-05   0.1646899E-04   0.1228343E-04   0.3202276E-04   0.5273856E-04   0.4364287E-04   0.7892761E-04   0.3609611E-03   0.5149142E-04   0.1852692E-04   0.1264170E-04  -0.4961980E-05  -0.1118370E-04  -0.4205225E-04  -0.3640369E-04  -0.4573382E-04  -0.7134880E-04  -0.8488058E-04  -0.8481344E-04  -0.9747695E-04  -0.8744089E-04
-0.4418398E-04  -0.2812249E-04  -0.2320956E-04  -0.1026138E-04  -0.9495388E-05   0.4841413E-05   0.1610376E-04   0.3866566E-04   0.2540919E-04   0.5149142E-04   0.3827627E-03   0.5008364E-04   0.1925024E-04   0.2926634E-05  -0.8889596E-05  -0.1921364E-04  -0.3428912E-04  -0.3622355E-04  -0.4365750E-04  -0.6386597E-04  -0.5990871E-04  -0.7206731E-04  -0.6712793E-04
-0.8843751E-04  -0.5471071E-04  -0.5568544E-04  -0.3162591E-04  -0.3144506E-04  -0.1278106E-05  -0.7115703E-05   0.7776139E-05   0.2108654E-04   0.1852692E-04   0.5008364E-04   0.3108053E-03   0.4492219E-04   0.2323775E-04   0.1059562E-04  -0.2148787E-05  -0.1046239E-04  -0.8789303E-06  -0.1228375E-04  -0.2681600E-04  -0.3480261E-04  -0.3426064E-04  -0.4333614E-04
-0.1115199E-03  -0.8040853E-04  -0.8217999E-04  -0.6827460E-04  -0.5906293E-04  -0.5093775E-04  -0.1977321E-04  -0.1898005E-04   0.1070876E-04   0.1264170E-04   0.1925024E-04   0.4492219E-04   0.3333271E-03   0.5783629E-04   0.2601884E-04   0.1813847E-04   0.1256363E-04   0.7733611E-05  -0.4987651E-05   0.1408339E-04  -0.1015836E-04  -0.1298541E-04  -0.1655291E-04
-0.1677778E-03  -0.1362307E-03  -0.1373068E-03  -0.1028718E-03  -0.9763065E-04  -0.8030037E-04  -0.7414091E-04  -0.3353899E-04  -0.8619926E-05  -0.4961980E-05   0.2926634E-05   0.2323775E-04   0.5783629E-04   0.3520393E-03   0.6346742E-04   0.4162153E-04   0.3779894E-04   0.3588277E-04   0.3226284E-04   0.4829375E-04   0.3698950E-04   0.3856507E-04   0.4251368E-04
-0.2105072E-03  -0.1749112E-03  -0.1523976E-03  -0.1449818E-03  -0.1310081E-03  -0.1057822E-03  -0.8591101E-04  -0.6703539E-04  -0.2764468E-04  -0.1118370E-04  -0.8889596E-05   0.1059562E-04   0.2601884E-04   0.6346742E-04   0.3373347E-03   0.8702394E-04   0.8142800E-04   0.7162651E-04   0.6979572E-04   0.6555512E-04   0.7524900E-04   0.8020583E-04   0.6909404E-04
-0.2276488E-03  -0.1905991E-03  -0.1950073E-03  -0.1726525E-03  -0.1564651E-03  -0.1311744E-03  -0.1111759E-03  -0.8601447E-04  -0.5839955E-04  -0.4205225E-04  -0.1921364E-04  -0.2148787E-05   0.1813847E-04   0.4162153E-04   0.8702394E-04   0.3788004E-03   0.1100979E-03   0.9689977E-04   0.1024940E-03   0.1092915E-03   0.1228122E-03   0.1080793E-03   0.1009698E-03
-0.2399676E-03  -0.2215548E-03  -0.1951794E-03  -0.1831941E-03  -0.1605173E-03  -0.1402942E-03  -0.1200532E-03  -0.7984973E-04  -0.6528782E-04  -0.3640369E-04  -0.3428912E-04  -0.1046239E-04   0.1256363E-04   0.3779894E-04   0.8142800E-04   0.1100979E-03   0.4020357E-03   0.1257212E-03   0.1155187E-03   0.1304946E-03   0.1151315E-03   0.1114353E-03   0.1187181E-03
-0.2686912E-03  -0.2334470E-03  -0.2338629E-03  -0.2059755E-03  -0.1876663E-03  -0.1573402E-03  -0.1434878E-03  -0.1180756E-03  -0.7273147E-04  -0.4573382E-04  -0.3622355E-04  -0.8789303E-06   0.7733611E-05   0.3588277E-04   0.7162651E-04   0.9689977E-04   0.1257212E-03   0.4496859E-03   0.1524149E-03   0.1411039E-03   0.1547148E-03   0.1547867E-03   0.1542000E-03
-0.2650656E-03  -0.2573267E-03  -0.2257716E-03  -0.2187281E-03  -0.1882388E-03  -0.1714221E-03  -0.1550402E-03  -0.1130518E-03  -0.1043389E-03  -0.7134880E-04  -0.4365750E-04  -0.1228375E-04  -0.4987651E-05   0.3226284E-04   0.6979572E-04   0.1024940E-03   0.1155187E-03   0.1524149E-03   0.4293480E-03   0.1750230E-03   0.1723697E-03   0.1843140E-03   0.1872115E-03
-0.2925038E-03  -0.2715627E-03  -0.2495903E-03  -0.2512857E-03  -0.2145886E-03  -0.1888670E-03  -0.1656525E-03  -0.1478039E-03  -0.1085485E-03  -0.8488058E-04  -0.6386597E-04  -0.2681600E-04   0.1408339E-04   0.4829375E-04   0.6555512E-04   0.1092915E-03   0.1304946E-03   0.1411039E-03   0.1750230E-03   0.4802972E-03   0.2352485E-03   0.2168109E-03   0.2142664E-03
-0.3097013E-03  -0.2941959E-03  -0.2719598E-03  -0.2553045E-03  -0.2288598E-03  -0.2039371E-03  -0.1828515E-03  -0.1619814E-03  -0.1315803E-03  -0.8481344E-04  -0.5990871E-04  -0.3480261E-04  -0.1015836E-04   0.3698950E-04   0.7524900E-04   0.1228122E-03   0.1151315E-03   0.1547148E-03   0.1723697E-03   0.2352485E-03   0.5282989E-03   0.2680272E-03   0.2431649E-03
-0.3134552E-03  -0.2930181E-03  -0.2737159E-03  -0.2557913E-03  -0.2305179E-03  -0.1984535E-03  -0.1907087E-03  -0.1658257E-03  -0.1195668E-03  -0.9747695E-04  -0.7206731E-04  -0.3426064E-04  -0.1298541E-04   0.3856507E-04   0.8020583E-04   0.1080793E-03   0.1114353E-03   0.1547867E-03   0.1843140E-03   0.2168109E-03   0.2680272E-03   0.5340356E-03   0.2843509E-03
-0.3076121E-03  -0.2892857E-03  -0.2823444E-03  -0.2541025E-03  -0.2328327E-03  -0.2049648E-03  -0.1926114E-03  -0.1728546E-03  -0.1333763E-03  -0.8744089E-04  -0.6712793E-04  -0.4333614E-04  -0.1655291E-04   0.4251368E-04   0.6909404E-04   0.1009698E-03   0.1187181E-03   0.1542000E-03   0.1872115E-03   0.2142664E-03   0.2431649E-03   0.2843509E-03   0.5553384E-03
