0.1050969E-02   0.5539795E-03   0.4753316E-03   0.3579236E-03   0.2939106E-03   0.2070176E-03   0.1759566E-03   0.1356469E-03   0.6509228E-04  -0.1971349E-05  -0.1200071E-04  -0.6528899E-04  -0.1084678E-03  -0.1356653E-03  -0.1939935E-03  -0.2147926E-03  -0.2375707E-03  -0.2427105E-03  -0.2695182E-03  -0.2784521E-03  -0.2922501E-03  -0.3087725E-03  -0.3177950E-03  -0.3078495E-03
0.5539795E-03   0.8837144E-03   0.4351577E-03   0.3262684E-03   0.2576828E-03   0.2070957E-03   0.1690364E-03   0.1164618E-03   0.6946375E-04  -0.6460143E-05  -0.1418050E-04  -0.3401105E-04  -0.8351330E-04  -0.1094877E-03  -0.1595363E-03  -0.1823213E-03  -0.2049518E-03  -0.2312157E-03  -0.2481633E-03  -0.2675537E-03  -0.2759422E-03  -0.2945617E-03  -0.2958955E-03  -0.2918874E-03
0.4753316E-03   0.4351577E-03   0.7148329E-03   0.3563510E-03   0.2694506E-03   0.2203783E-03   0.1697163E-03   0.1365763E-03   0.6748357E-04   0.2789367E-04  -0.7284772E-05  -0.2506891E-04  -0.7705589E-04  -0.1106845E-03  -0.1660099E-03  -0.1710956E-03  -0.1943983E-03  -0.2150099E-03  -0.2318135E-03  -0.2486340E-03  -0.2641598E-03  -0.2833947E-03  -0.2888099E-03  -0.2901278E-03
0.3579236E-03   0.3262684E-03   0.3563510E-03   0.6187609E-03   0.2712281E-03   0.2188593E-03   0.1639787E-03   0.1282447E-03   0.8100590E-04   0.2149542E-04  -0.3463102E-05  -0.1139621E-04  -0.6743090E-04  -0.9413090E-04  -0.1235430E-03  -0.1630191E-03  -0.1777064E-03  -0.1905529E-03  -0.2038044E-03  -0.2267118E-03  -0.2390246E-03  -0.2549168E-03  -0.2567920E-03  -0.2549291E-03
0.2939106E-03   0.2576828E-03   0.2694506E-03   0.2712281E-03   0.6054781E-03   0.2048341E-03   0.1681787E-03   0.1249135E-03   0.8185312E-04   0.2670981E-04   0.2964219E-05  -0.3637098E-05  -0.4937018E-04  -0.8027938E-04  -0.1182887E-03  -0.1430694E-03  -0.1641040E-03  -0.1677966E-03  -0.1917582E-03  -0.2092906E-03  -0.2258233E-03  -0.2372152E-03  -0.2409349E-03  -0.2349015E-03
0.2070176E-03   0.2070957E-03   0.2203783E-03   0.2188593E-03   0.2048341E-03   0.4839144E-03   0.1680287E-03   0.1232359E-03   0.8824141E-04   0.4575837E-04   0.1204413E-04   0.1646882E-04  -0.4610068E-04  -0.6677199E-04  -0.8929031E-04  -0.1123959E-03  -0.1379653E-03  -0.1564535E-03  -0.1625914E-03  -0.1871077E-03  -0.1996867E-03  -0.2024764E-03  -0.2074333E-03  -0.2049331E-03
0.1759566E-03   0.1690364E-03   0.1697163E-03   0.1639787E-03   0.1681787E-03   0.1680287E-03   0.4389001E-03   0.1343444E-03   0.7979182E-04   0.6617624E-04   0.3228877E-04  -0.1855886E-06  -0.1122302E-04  -0.5448728E-04  -0.8867314E-04  -0.9866838E-04  -0.1218277E-03  -0.1195102E-03  -0.1369908E-03  -0.1711130E-03  -0.1702110E-03  -0.1807824E-03  -0.1965753E-03  -0.2019373E-03
0.1356469E-03   0.1164618E-03   0.1365763E-03   0.1282447E-03   0.1249135E-03   0.1232359E-03   0.1343444E-03   0.4698306E-03   0.9212602E-04   0.4962046E-04   0.3371351E-04   0.2869268E-04  -0.2110065E-04  -0.3389995E-04  -0.4938962E-04  -0.8717148E-04  -0.1129016E-03  -0.1020591E-03  -0.1343806E-03  -0.1429224E-03  -0.1689122E-03  -0.1690110E-03  -0.1812668E-03  -0.1860333E-03
0.6509228E-04   0.6946375E-04   0.6748357E-04   0.8100590E-04   0.8185312E-04   0.8824141E-04   0.7979182E-04   0.9212602E-04   0.3551512E-03   0.7950383E-04   0.4601708E-04   0.2014768E-04   0.1732908E-05  -0.1673906E-04  -0.2629547E-04  -0.4847050E-04  -0.7433815E-04  -0.6334984E-04  -0.9214369E-04  -0.1084390E-03  -0.1223685E-03  -0.1417257E-03  -0.1346623E-03  -0.1392091E-03
-0.1971349E-05  -0.6460143E-05   0.2789367E-04   0.2149542E-04   0.2670981E-04   0.4575837E-04   0.6617624E-04   0.4962046E-04   0.7950383E-04   0.3775405E-03   0.6966586E-04   0.2523068E-04   0.2120568E-04   0.1024171E-04  -0.1349638E-04  -0.1344437E-04  -0.5864884E-04  -0.3406529E-04  -0.6341640E-04  -0.8499702E-04  -0.9217282E-04  -0.1036339E-03  -0.1114701E-03  -0.1122573E-03
-0.1200071E-04  -0.1418050E-04  -0.7284772E-05  -0.3463102E-05   0.2964219E-05   0.1204413E-04   0.3228877E-04   0.3371351E-04   0.4601708E-04   0.6966586E-04   0.4069929E-03   0.4101048E-04   0.2120932E-04   0.3096571E-05  -0.1810986E-05  -0.2389416E-04  -0.4583657E-04  -0.3903078E-04  -0.4276448E-04  -0.6941326E-04  -0.8592267E-04  -0.7596833E-04  -0.8688451E-04  -0.6909025E-04
-0.6528899E-04  -0.3401105E-04  -0.2506891E-04  -0.1139621E-04  -0.3637098E-05   0.1646882E-04  -0.1855886E-06   0.2869268E-04   0.2014768E-04   0.2523068E-04   0.4101048E-04   0.3285944E-03   0.3733427E-04   0.5820688E-05   0.1564340E-04  -0.2509923E-05  -0.2325438E-04  -0.2650260E-04  -0.2068026E-04  -0.3825429E-04  -0.4831871E-04  -0.4219611E-04  -0.5336931E-04  -0.5808428E-04
-0.1084678E-03  -0.8351330E-04  -0.7705589E-04  -0.6743090E-04  -0.4937018E-04  -0.4610068E-04  -0.1122302E-04  -0.2110065E-04   0.1732908E-05   0.2120568E-04   0.2120932E-04   0.3733427E-04   0.3279631E-03   0.5380994E-04   0.3559047E-04   0.1522226E-04   0.2443950E-04   0.9032535E-05   0.1400639E-04  -0.1496774E-04   0.4725676E-05  -0.1077325E-04  -0.3384666E-04  -0.1966358E-04
-0.1356653E-03  -0.1094877E-03  -0.1106845E-03  -0.9413090E-04  -0.8027938E-04  -0.6677199E-04  -0.5448728E-04  -0.3389995E-04  -0.1673906E-04   0.1024171E-04   0.3096571E-05   0.5820688E-05   0.5380994E-04   0.4009129E-03   0.6675037E-04   0.1908824E-04   0.2360244E-04   0.1860507E-04   0.1989650E-04   0.1375474E-04   0.3041767E-04   0.1556672E-04   0.1302169E-04   0.4532898E-05
-0.1939935E-03  -0.1595363E-03  -0.1660099E-03  -0.1235430E-03  -0.1182887E-03  -0.8929031E-04  -0.8867314E-04  -0.4938962E-04  -0.2629547E-04  -0.1349638E-04  -0.1810986E-05   0.1564340E-04   0.3559047E-04   0.6675037E-04   0.3606740E-03   0.7003428E-04   0.5958808E-04   0.5401032E-04   0.5070056E-04   0.4672185E-04   0.5203500E-04   0.4491505E-04   0.5787989E-04   0.5951432E-04
-0.2147926E-03  -0.1823213E-03  -0.1710956E-03  -0.1630191E-03  -0.1430694E-03  -0.1123959E-03  -0.9866838E-04  -0.8717148E-04  -0.4847050E-04  -0.1344437E-04  -0.2389416E-04  -0.2509923E-05   0.1522226E-04   0.1908824E-04   0.7003428E-04   0.3571882E-03   0.1013441E-03   0.9215536E-04   0.7665069E-04   0.8417903E-04   0.7585963E-04   0.1017373E-03   0.9244204E-04   0.8103495E-04
-0.2375707E-03  -0.2049518E-03  -0.1943983E-03  -0.1777064E-03  -0.1641040E-03  -0.1379653E-03  -0.1218277E-03  -0.1129016E-03  -0.7433815E-04  -0.5864884E-04  -0.4583657E-04  -0.2325438E-04   0.2443950E-04   0.2360244E-04   0.5958808E-04   0.1013441E-03   0.4298131E-03   0.1301049E-03   0.9907280E-04   0.1119035E-03   0.1200582E-03   0.1165749E-03   0.1101052E-03   0.1017423E-03
-0.2427105E-03  -0.2312157E-03  -0.2150099E-03  -0.1905529E-03  -0.1677966E-03  -0.1564535E-03  -0.1195102E-03  -0.1020591E-03  -0.6334984E-04  -0.3406529E-04  -0.3903078E-04  -0.2650260E-04   0.9032535E-05   0.1860507E-04   0.5401032E-04   0.9215536E-04   0.1301049E-03   0.4042039E-03   0.1230109E-03   0.1307660E-03   0.1264232E-03   0.1247600E-03   0.1202625E-03   0.1296294E-03
-0.2695182E-03  -0.2481633E-03  -0.2318135E-03  -0.2038044E-03  -0.1917582E-03  -0.1625914E-03  -0.1369908E-03  -0.1343806E-03  -0.9214369E-04  -0.6341640E-04  -0.4276448E-04  -0.2068026E-04   0.1400639E-04   0.1989650E-04   0.5070056E-04   0.7665069E-04   0.9907280E-04   0.1230109E-03   0.4203289E-03   0.1675877E-03   0.1553521E-03   0.1586539E-03   0.1624917E-03   0.1649845E-03
-0.2784521E-03  -0.2675537E-03  -0.2486340E-03  -0.2267118E-03  -0.2092906E-03  -0.1871077E-03  -0.1711130E-03  -0.1429224E-03  -0.1084390E-03  -0.8499702E-04  -0.6941326E-04  -0.3825429E-04  -0.1496774E-04   0.1375474E-04   0.4672185E-04   0.8417903E-04   0.1119035E-03   0.1307660E-03   0.1675877E-03   0.4846836E-03   0.1995346E-03   0.1934451E-03   0.1909840E-03   0.2019571E-03
-0.2922501E-03  -0.2759422E-03  -0.2641598E-03  -0.2390246E-03  -0.2258233E-03  -0.1996867E-03  -0.1702110E-03  -0.1689122E-03  -0.1223685E-03  -0.9217282E-04  -0.8592267E-04  -0.4831871E-04   0.4725676E-05   0.3041767E-04   0.5203500E-04   0.7585963E-04   0.1200582E-03   0.1264232E-03   0.1553521E-03   0.1995346E-03   0.4902372E-03   0.2402065E-03   0.2217022E-03   0.2233065E-03
-0.3087725E-03  -0.2945617E-03  -0.2833947E-03  -0.2549168E-03  -0.2372152E-03  -0.2024764E-03  -0.1807824E-03  -0.1690110E-03  -0.1417257E-03  -0.1036339E-03  -0.7596833E-04  -0.4219611E-04  -0.1077325E-04   0.1556672E-04   0.4491505E-04   0.1017373E-03   0.1165749E-03   0.1247600E-03   0.1586539E-03   0.1934451E-03   0.2402065E-03   0.5167919E-03   0.2726598E-03   0.2417867E-03
-0.3177950E-03  -0.2958955E-03  -0.2888099E-03  -0.2567920E-03  -0.2409349E-03  -0.2074333E-03  -0.1965753E-03  -0.1812668E-03  -0.1346623E-03  -0.1114701E-03  -0.8688451E-04  -0.5336931E-04  -0.3384666E-04   0.1302169E-04   0.5787989E-04   0.9244204E-04   0.1101052E-03   0.1202625E-03   0.1624917E-03   0.1909840E-03   0.2217022E-03   0.2726598E-03   0.5977734E-03   0.2907567E-03
-0.3078495E-03  -0.2918874E-03  -0.2901278E-03  -0.2549291E-03  -0.2349015E-03  -0.2049331E-03  -0.2019373E-03  -0.1860333E-03  -0.1392091E-03  -0.1122573E-03  -0.6909025E-04  -0.5808428E-04  -0.1966358E-04   0.4532898E-05   0.5951432E-04   0.8103495E-04   0.1017423E-03   0.1296294E-03   0.1649845E-03   0.2019571E-03   0.2233065E-03   0.2417867E-03   0.2907567E-03   0.5560762E-03
